51210102003402002461550120003697071003614818
51210102003402002461550120003697861003624477
51210102003402002461550120003697951003626118
51210102003402002461550120003698081003627351
51210102003402002461550120003698311003631527
51210102003402002461550120003698331003631777
51210102003402002461550120003698511003633468
51210102003402002461550120003698521003633627
51210102003402002461550120003698531003633683
51210202003402002461550120003704361003745523
51210202003402002461550120003705861003766196
51210202003402002461550120003705941003767160
51210202003402002461550120003705961003767997
51210202003402002461550120003708531003793660
51210202003402002461550120003708531003793660
51210202003402002461550120003711161003821900
51210202003402002461550120003710441003815046
51210202003402002461550120003711171003821915
51210302003402002461550120003721341003917903
51210302003402002461550120003721831003922316
51210302003402002461550120003721831003922316
51210302003402002461550120003721971003925612
51210302003402002461550120003722121003927052
51210302003402002461550120003722921003935986
51210302003402002461550120003723961003946362
51210302003402002461550120003725831003966170
51210302003402002461550120003725841003966185
51210302003402002461550120003731131004028872
51210302003402002461550120003731131004028872
51210302003402002461550120003731441004031233
51210302003402002461550120003732061004035950
51210302003402002461550120003732801004044043
51210302003402002461550120003733051004046306
51210302003402002461550120003733111004046583
51210302003402002461550120003737341004084384
51210302003402002461550120003737561004086279
51210302003402002461550120003737931004088593
51210302003402002461550120003738531004095867
51210402003402002461550120003743621004140480
51210402003402002461550120003743721004142268
51210402003402002461550120003743721004142268
51210402003402002461550120003743721004142268
51210402003402002461550120003744031004145397
51210402003402002461550120003746221004160392
51210402003402002461550120003748701004186985
51210402003402002461550120003748701004186985
51210402003402002461550120003748851004187682
51210402003402002461550120003755421004249212
51210402003402002461550120003755631004251063
51210402003402002461550120003756761004261607
51210402003402002461550120003756851004261886
51210502003402002461550120003761051004301896
51210502003402002461550120003761101004302264
51210502003402002461550120003761201004303534
51210502003402002461550120003767371004361453
51210502003402002461550120003767551004363870
51210502003402002461550120003770791004398868
51210502003402002461550120003772511004418338
51210502003402002461550120003773421004426841
51210502003402002461550120003773451004427025
51210502003402002461550120003773811004428893
51210502003402002461550120003774641004435851
51210502003402002461550120003776891004461470
51210502003402002461550120003776891004461470
51210702003402002461550120003805591004761133
51210702003402002461550120003807751004777476
51210702003402002461550120003808191004782352
51210702003402002461550120003812271004825470
51210702003402002461550120003819001004900019
51210702003402002461550120003822981004938816
51210702003402002461550120003824151004956030
51210802003402002461550120003831461005030245
51210802003402002461550120003834401005061488
51210902003402002461550120003848211005234395
51210902003402002461550120003849061005249090
51210902003402002461550120003853031005296470
51210902003402002461550120003854011005306850
51210902003402002461550120003856791005342795
51210902003402002461550120003856901005343373
51210902003402002461550120003863471005428139
51211002003402002461550120003864831005465478
51211102003402002461550120003875331005706450
51211102003402002461550120003883491005796577
51211102003402002461550120003884771005810430
51211102003402002461550120003885331005815203
51211102003402002461550120003885801005817532
51211202003402002461550120003909241006031803
