52220502003402004596550150000991651039937218
52220502003402004596550150000991661039937517
52220502003402004596550150000991671039937565
52220502003402004596550150000991681039937864
52220502003402004596550150000991691039938108
52220502003402004596550150000991701039938192
52220502003402004596550150000991711039938220
52220502003402004596550150000991721039938359
52220502003402004596550150000991731039938372
52220502003402004596550150000991741039938477
52220502003402004596550150000991751039938628
52220502003402004596550150000991761039938633
52220502003402004596550150000991771039938932
52220502003402004596550150000991791039939160
52220502003402004596550150000991801039939292
